\begin{table}[t!]
\begin{threeparttable}
{\small
\begin{tabularx}{\columnwidth}{Xrrrrr}
\multicolumn{1}{c}{\textbf{Type}} & 
\multicolumn{1}{c}{\textbf{$f_m$}} & 
\multicolumn{1}{c}{\textbf{$f_m$ Error}} & 
\multicolumn{1}{c}{\textbf{Correct}} & 
\multicolumn{1}{c}{\textbf{Missed}} & 
\multicolumn{1}{c}{\textbf{Waste}}\\ \toprule

\textbf{Campus} & & & & & \\
\midrule
& 0.20 & 0.10 & 100.0 \% & 0.0 \% & 0.0 \% \\
\textbf{Fast Fill} & & & & & \\
\midrule
& 0.01 & 0.10 & 75.1 \% & 24.7 \% & 0.2 \% \\
& 0.05 & 0.10 & 72.3 \% & 26.2 \% & 1.5 \% \\
& 0.10 & 0.10 & 80.0 \% & 15.6 \% & 4.4 \% \\
& 0.10 & 0.20 & 86.6 \% & 11.2 \% & 2.2 \% \\
& 0.10 & 0.50 & 89.7 \% & 7.7 \% & 2.7 \% \\
& 0.10 & 1.00 & 93.0 \% & 4.8 \% & 2.2 \% \\
& 0.20 & 0.10 & 87.9 \% & 8.5 \% & 3.6 \% \\
& 0.50 & 0.10 & 94.0 \% & 5.0 \% & 1.0 \% \\
\textbf{High Churn} & & & & & \\
\midrule
& 0.01 & 0.10 & 54.0 \% & 0.0 \% & 46.0 \% \\
& 0.05 & 0.10 & 55.3 \% & 0.0 \% & 44.7 \% \\
& 0.10 & 0.10 & 63.6 \% & 0.0 \% & 36.4 \% \\
& 0.10 & 0.20 & 62.2 \% & 0.0 \% & 37.8 \% \\
& 0.10 & 0.50 & 60.1 \% & 0.0 \% & 39.9 \% \\
& 0.10 & 1.00 & 61.8 \% & 0.0 \% & 38.2 \% \\
& 0.20 & 0.10 & 64.0 \% & 0.0 \% & 36.0 \% \\
& 0.50 & 0.10 & 69.7 \% & 0.0 \% & 30.3 \% \\
\textbf{Low Churn} & & & & & \\
\midrule
& 0.01 & 0.10 & 98.4 \% & 0.0 \% & 1.6 \% \\
& 0.05 & 0.10 & 89.1 \% & 0.0 \% & 10.9 \% \\
& 0.10 & 0.10 & 94.1 \% & 0.0 \% & 5.9 \% \\
& 0.10 & 0.20 & 91.0 \% & 0.0 \% & 9.0 \% \\
& 0.10 & 0.50 & 87.9 \% & 0.0 \% & 12.1 \% \\
& 0.10 & 1.00 & 87.8 \% & 0.0 \% & 12.2 \% \\
& 0.20 & 0.10 & 92.5 \% & 0.0 \% & 7.5 \% \\
& 0.50 & 0.10 & 91.6 \% & 0.0 \% & 8.4 \% \\
\textbf{Multiple Fill} & & & & & \\
\midrule
& 0.01 & 0.10 & 51.4 \% & 42.8 \% & 5.8 \% \\
& 0.05 & 0.10 & 71.2 \% & 26.0 \% & 2.9 \% \\
& 0.10 & 0.10 & 85.2 \% & 13.2 \% & 1.6 \% \\
& 0.10 & 0.20 & 79.4 \% & 17.5 \% & 3.1 \% \\
& 0.10 & 0.50 & 86.2 \% & 12.7 \% & 1.1 \% \\
& 0.10 & 1.00 & 77.6 \% & 20.9 \% & 1.5 \% \\
& 0.20 & 0.10 & 92.1 \% & 7.5 \% & 0.5 \% \\
& 0.50 & 0.10 & 91.6 \% & 7.8 \% & 0.6 \% \\
\textbf{Slow Fill} & & & & & \\
\midrule
& 0.01 & 0.10 & 70.7 \% & 26.0 \% & 3.2 \% \\
& 0.05 & 0.10 & 78.8 \% & 17.5 \% & 3.7 \% \\
& 0.10 & 0.10 & 82.1 \% & 13.3 \% & 4.6 \% \\
& 0.10 & 0.20 & 75.4 \% & 15.2 \% & 9.4 \% \\
& 0.10 & 0.50 & 80.5 \% & 19.3 \% & 0.2 \% \\
& 0.10 & 1.00 & 85.2 \% & 12.5 \% & 2.3 \% \\
& 0.20 & 0.10 & 87.8 \% & 9.8 \% & 2.4 \% \\
& 0.50 & 0.10 & 93.8 \% & 5.6 \% & 0.6 \% \\
\end{tabularx}
}
\caption{\textbf{Accuracy of PocketParker predictions for various kinds of lots and parameters.}}
\label{table-accuracy}
\end{threeparttable}
\end{table}
